47,35
10,263
10,133
10,275
10,227
10,177
10,307
10,213
10,129
11,23
11,25
11,15
8,15
8,14
41,2
41,0
39,5
39,4
39,3
39,2
39,1
39,0
37,2
37,0
36,2
36,0
35,5
35,4
35,3
35,2
35,1
35,0
33,5
33,4
33,3
33,2
33,1
33,0
28,3
28,1
27,3
12,3
12,2
12,1
11,27
11,21
11,17
20,2
11,11
20,1
11,9
20,3
11,5
11,3
11,2
11,1
10,259
10,181
19,2
10,167
19,1
10,137
19,3
10,135
10,99
10,11
10,3
10,2
10,1
9,7
9,5
9,3
9,2
9,1
8,17
8,13
18,1
8,12
18,3
8,11
8,8
8,7
8,5
8,3
8,2
8,1
3,3
3,2
3,1
36,3
37,3
2,2
13,1
36,1
37,1
2,1
2,3
13,3
36,4
37,4
27,1
